777835833935465392079183150171289995832433377918168922596443258664295433892586277450523799299992611473345635306628103727900286826521628983122020428849403545118230934111672579216176479969697354400246180088514601982039406118170848104947002122390191209850953522516569841461287353841812730075617674695193004783930543196878036775143131307565266176997681859096622598264024276861326464069511581284200368601216424438339880755664255888048851396530278686248167138332223465528429946163512414749675914403294677432775710778648413415654975037226811909991151686115056144229394445161383449314935378619144046864470623232127882833119176965233410360408178260485051197701384522218008648286186734619428761969960771726848357165883190459902023892357832936470715984172021833558794871054813952554739328232181939747299095872992550496275140450324825089385981240741031207376901807267996129026277862577436837442355259199698630745893262765414286679008670640910362442417215976771685385292867605551918208412401867715879171507439
4615

105946630929337834882472226545269968367798511230613383214099808804317022425788606321203071393500582937886963980738946388035326765731926533450473109737324280883155789520090135737658524751100228706767332332220261953201855943655593623797117949992496120575106419742445926671389974034495088084217972464205888613839784492906544771804157730000920370553536779795994776589192499286221347201451826461333285106289438347883250828591917645166868082417011560180779838575365542542231960482651746873197507513673358206617053838907432550118281569362788687988831850419753559898023236612390248741289460008094275136772271606085508919753196850454719457334872088832600148631144663336864804917219118656720875886719191926600395785642267656666931987783946589073412959163830951081367348123782720273334705956990402694741205450233800273010753876425019158856682416899330422072467048238344639737517622278952999208784863660445418173257541169358584803228818858040479155997763086311924723624967122136134680347980799969924563986835
1316

1003727054600349794450640700683685459144404162834948696708276149784851275464751220776233087858910436049998808773083558018165604982231107594806852708147076668791281592185165885891285329281379553890533960621954164111874367028546571172081677762464471045757905481423628843564653477863788502771339683845573244196758138744177586333522112224081874585506028760304201436780157515361871101712642925422317111851012612153444930379444082411804946129204326984172653114401711090813246701345236299227873666196246389535567070876122197629593193080581494129229213164174855094967467383535403525205140549820124390757978184288612926102133464226610450329589551261109839760795316669182741329567297453890931248621831747862964944377342907968424974602995215636781632372014251984232491689176262363398054403490543854193287052299837463898165153851439261463349438727791672246723784097215873471036197505310975485186440746909715794460579982418310929318509273373447254313589620059790637817118318001255095881884941887890526661886787
3378

1599809850914293149672316577556412827245752744013756710138490748116952714037135339320273761964229802470405894856138246192534452212307270735365661320984042998728510111493988148672615537840884614270487326785532565656687802423270474444304668827338208965127253809701535916659288883379231497585023782700491198328027930477291656537092100962047094084656209705339555614336457527798370785248927086741582136465540791773230120483512899277675276022202456117512632988805728361967581231607294106632145626381640695550432215545844817756752497843638690156150849216416885252401041429076356154889829751243850038211561180077041601762544088778369598359781901580295170804051039924806450458425560769690719631326243646047235821219857191043428630348725963925937912117284167641874581683987783963471475074391111961289544439226931277594295800435859447817135076083624977346517078606727170996622189893715619941022689442917256347976793720935909584684027153756672031902924205727488956853882321358761515467544715955731108433438807
365

143298215603369477137058029352266647775926745941000998578005220199609007047681798581909403090321249591882901891453141427747163011087452325127319605881655887598095464425353483508005389402728521829088349974482658536927854562447417734539646656889140479857248343969747541245592431708796049690109592954614366462760498378639437013444663235843540313553269663361256048571786781379564781090784948810379547341535874217189747173930835987349300305724317961612304908491955881933132099900028343533554302359943504371391669997535665435860492886955226183515722547461362782398604212249550519253818601861897208861346679848809551338574687061343832321967632205662294792717948058731188418017000472074528109742462965117717024971879097286596402719445719312900308844492364078645401380820978646373550811345911660155669020956772312747199149496712251695182321629232233525283795034949636482179002963634623575778038234678696410307117056458135626339849834881587189004581040764261938643604350950521543071922975886715382791962609
3022

1741186853199709130428214985748533188751325835809648218924141687610351677964666713585461567367071561252177735467123598747845223834716846593135692268092378148774207960757878711297739103969062664676994726097738550589212633852251001618363850457186573433222825160063390004156359328586667852434255347393052668600941000160420134694692785429133779843067406189990387862503601692897113496036467734428827295259751377367327554541854545757933932278315034070427415006320964562453108388798528488945541409366553882892244872726133619979382816005159815643847742365364109207853238744377568860150989210850235248205377973367832375425816698047380014689984226775671737456135466198594366024016158024347187396051459295932850128307106794062199361618098330912729125477763003014002941316463573384075535332247286572150813547014681637560392856890703876445321604507003786306748049459926157128282399239676427097001644309619103829813714714320283195180459790634033186293150512060937850551947143776763099855153991840405204356857557
5264

1669262953899330116959031150365019399134402207238141627554399062193687227034524461667544323106832201033805617721667514614872070691839662846292633785893244801941026308639257209786909608315103120403315774665647866756549503321835313768874810480907258160122309047823789194423261673203032895445881794502148291859070014317350553307927773804935557710122919558623927276422187617949221579011479077495497504938734111061925663906274967028450266226173632773221469566493879327208313931483408704529336923757610457632177218104840895452921327119816188287051542108665078565561449485289381796541498146069763863964329207645909106868118596628757799195256251280425468281552952593242345654185605373910696843639301283132140129439551473876228101397117633779115102570399806591137426052760615104286449688508791749565030674210796914546026194170624994872939625267117943297713613919325958313102388927672966540633765263908481009323283491411436373794128998215088524398106901341638817055519225256545019542445767289711782845994787
4541

756491656370665043575852094961056706460851858514835001355961362254445646902411938247291227192293501032514422785920386533972584838862243891828444525401842914758299186102600373828594567903380484710572510679380788691765595923818148118174225703150537853052816423846174169775231278825950120153390716258762036927148062312521463969738495037753066540076160617999244958258339863440260666670403026725094574935667446293053190873389792950793017065683746321690331308459812524936201733492371699945594922018492453353517524602695775206462933432577904307025797578009481826506565127708393409593537713173775867887664668258055396081368497812177144990205048916220683586398109785978278874824981729915038310915941616448106214036402758231629998589899628498267795943703276352376755729895406850538315746584081668520648295648231957142844811130717881710646458337073843910741316021729235347738622181294244295365069496440746279256876068648219598400086162443922955641655435621783105157641200982587298086379018182952770609441440
813

967550596029182689637322411271318027531358899880021496872479378540293566567352056701719121404743639946102700974808140200516716293439044356156165122413029007621644882883124679812562511819313066318586535896027015271612859458376651506916919310750796433637116032076707519065258204484057804872265677406940713750165806040078489633504834383355586359444054923355634914438374471409603486113848232316777441595664400654462555922598064736481093658952730042104901805639609900261822845213548878197413255967701527637369757101493696291412622292336721991170222424436895339693122723515774213162758695389924610267820662048534180146556275785757849031078142291577664417527838508823335427588054595496072627620410180305686741482262421395590267345997967919032909948969488342677025896165733440959429150414273070348879709073952911359896574256808122561035276484499034519165664156830023042607275049022436435248016078629687881452110665233582134684673062381917549477636877372252853224778436099853963439329304454600009406289872
1410

1117744512663444300203528172297439922675557731325114845110406258287368323253097672433439717852403695666158959402983225219570370727072886142581012490921483475989863001681366816265813747823955932510858956013441166016185153704097684434388179202700471844028139433317117528304196660638933654515623568996388917031765928291578669115495497132390466767741972679247262221180178940207512977786024014463541927746178072060974517189179366719259935020536343786171684470618011868326443786069969558069933610154161294429969126115236049468927456415154816519730653592577413838441750687388934830693188028692975138530140545237572886058300965496544414302673961229461097163106888965318832674119837815383306906959844331900618429271096675984774397415896950550982810495240490846183403596570460391260096962223638886192336528409370917861102923070713671259281733762607270618607743459261201094048304858189681265902631596347376206448683388403665844765988015866740764745868514597011710289384040824109064386328287111673941729634392
157

