1000000000
0

1000000000
1

1000000000
2

1000000000
3

1000000000
4

1000000000
5

1000000000
6

1000000000
7

1000000000
8

1000000000
9

1000000000
10

1000000001
0

1000000001
1

1000000001
2

1000000001
3

1000000001
4

1000000001
5

1000000001
6

1000000001
7

1000000001
8

1000000001
9

1000000001
10

1000000002
0

1000000002
1

1000000002
2

1000000002
3

1000000002
4

1000000002
5

1000000002
6

1000000002
7

1000000002
8

1000000002
9

1000000002
10

1000000003
0

1000000003
1

1000000003
2

1000000003
3

1000000003
4

1000000003
5

1000000003
6

1000000003
7

1000000003
8

1000000003
9

1000000003
10

1000000004
0

1000000004
1

1000000004
2

1000000004
3

1000000004
4

1000000004
5

1000000004
6

1000000004
7

1000000004
8

1000000004
9

1000000004
10

1000000005
0

1000000005
1

1000000005
2

1000000005
3

1000000005
4

1000000005
5

1000000005
6

1000000005
7

1000000005
8

1000000005
9

1000000005
10

1000000006
0

1000000006
1

1000000006
2

1000000006
3

1000000006
4

1000000006
5

1000000006
6

1000000006
7

1000000006
8

1000000006
9

1000000006
10

1000000007
0

1000000007
1

1000000007
2

1000000007
3

1000000007
4

1000000007
5

1000000007
6

1000000007
7

1000000007
8

1000000007
9

1000000007
10

1000000008
0

1000000008
1

1000000008
2

1000000008
3

1000000008
4

1000000008
5

1000000008
6

1000000008
7

1000000008
8

1000000008
9

1000000008
10

1000000009
0

1000000009
1

1000000009
2

1000000009
3

1000000009
4

1000000009
5

1000000009
6

1000000009
7

1000000009
8

1000000009
9

1000000009
10

1000000010
0

1000000010
1

1000000010
2

1000000010
3

1000000010
4

1000000010
5

1000000010
6

1000000010
7

1000000010
8

1000000010
9

1000000010
10

