0
1802798866848879924667251510790948808329829420890250591991451774272447825316028459047936736609922457

0
5705247553697768056502179510094488468261364921205589786850398382137722387370539404515027109337993037

0
6043217564808903331219120731751251641765403198662304129091755894157482356006632497744059093349645698

0
1159258815072628891321211734029970951826472965643252138362293979632838995767333920456583206510881

0
3933082548773793563573585990964848996699476788483445566952462474855765969884014485809939748475506218

52
23516969690870098542937633620863917149081369395162237122636865860093809880853260815922826825813160

0
4452873816533585562822784285470901202931321955655682944148627133553922962369094961348536037123290581

0
3705781945823426199617683476436855321773880974090706457594201781868023475568741829174559053765879010

3
1521409827958934831766325312498075463767873254941882514070804860651830021021146898382814039073630763

1
2101184101397064529423027703862812047712305912977199715655467031990373090862388117205994977100599799

0
409704090674864269999810728147876376326238447365317196824566060743408942790246162596964666585910284

3
735543726204437787887458696349322547577690266280185317268772880389002347749416855114362020993792286

0
73525730331790294740328268717078875860405595825011300694215309823061106668002767624819900882812449

0
1235184934262473469663035921735210793283541415138417395095044228401027653215868777576793808794103173

0
2542306963694704798028277823711887666827447534493210407586263700422702964936808095126889403047762481

0
2894907154540012733150119008097971118772026566666819806485572855174380326754191684501237144395042012

0
4377135335906789727957237173185415757754647597163022724784388923551600989935449173429808111485436822

1
4617041324776065198592112569975665384979260498434835716225795228019123551819247798620046939089373040

0
7699595910613680403157507463049801266421009152661527971442698350646571675921318279139919618817852129

0
981942387502874074233656876890939453027450946284169913227192552946880713768498209578464497597473350

2
1874521680624777443580366124311674906083953066867648848191281067523224298880156734199522899254564344

0
8789708082966151623473769615599904075601008266114263232487246502894530053322116830370947041382230848

6
346934739714961409034667002488670617100779081610734910163165715266452839752021538613082525783207653

13
119324748174431724389455217929503399258214888189712640752909246832432369312358137423903268706710783

2
3268394845621263120903356585199316662999641209680366066029046917711529808710833508055548973696043831

1
1828370647901694573320878678552701169949356009417779103044852078060835520219271254419653120785029791

4
370320943640976048786413654999507666587028299795981832342448313450516987782657622670948202540132568

21
292433263393829569886406575792820136522940925499912962547682922423069100768127544856162100167690659

5
1153946815185278926961066457551940721126305981890482914376377238132384688956111605564467898819814230

0
1283614727669961277775780191952760940497973039689503358661716654901624723254143047251805221421960050

0
5824768747960357278492627869634390672286863708993544665518900608420696748390851388914943652428393407

0
5216229583136983890179143148568224776966208872460514727986226644978388501978799117917355705673984683

0
688426397131650345694077122112011035360923093092757392591290590730396148615002374485668984692725119

0
2150978833968448915946636625644659319798373885143757721932095467376056771596665691896339431020947929

2
139789658402064743802349545521590663176741138028587049814282750168987563872406261378574907937770358

0
1304077550864166168714152504285323933631308558280911087798765817830492572747310076239015450091029999

1
114108473301807475103657144333592953240226188305429574975166518539008858330179828557242114165589717

0
1001208516351382989888649641460323635357046109701576439595578277952338510809657560226259694190721805

4
365215400973419183444013036586002522132277034779362443599720550447707724892352689751938004623460527

0
261415701079452205130249236709509740574927731320373187498542934295162192616912325016081036662635828

0
3463423258995721833112502260500376903260146775176954177694721096544910028153063068097153786454678713

0
3292827057103785848097829138934816026665678669364557519140948141003876215136639134953369012372505202

1
848949417817771818777975386801069497845160011044323040868389663670034562577356776494943635090382749

0
2910272499874193686599852664762485078321339939752223981099067551407577417744263431031401972036190395

0
4598054032781915765595296869079077113211739914286063868020269648324328156924467277421276033085729552

1
1335328779800797504107348112331750697666593641695645854142481219799354248828915488277221904744131771

0
2451304764510110314829054830298399338642513675582926287551463526246866986198169298777379177245589723

0
7109130603556975957785497816567326636686953186609914177886879733291841287206381942044460165330416391

0
7834954958477287890086606946637073797864244046304710454439980325025683995941953435370926292047997159

0
46732928072903786590478622523115352119698567825820163366163491832521757922054911545234079077632462

2
70437473122594315792484294539300852123315094525179577912703081152353201124234208081412072473078924

1
285684997117781895032188525855101742919933452025235571084880508136163783381011611402184564271448534

0
1671658073320313998850988948622179188535448121438647000881137978336751179941631863875292199030876888

0
169353113792601091863567136336343671521936744273216370855924633003658568076039303764080532441518385

1
2578685000985580123441641394633212094141189917441175740702649416559750142485638143825733287019341467

0
3679542761387568235326177873198628652008264074526774122446155430164088212664062402845355871620593434

1667
1650163204480523288144467219402104134226981038522908699109008484739786261520696006987383078278402

1
3096369733127687533715109915518352751012723763149807924614007145610103715138205046672430604975445670

6
558893476648545913064757529578481164456320835780396251274285861016302305835647021781939413117892222

0
3310320493417473631700710092924817639085669389513899311173135840033777879747103451181284043118824582

3
1794919688891383585010110072719467248958775974184816074441608076594007247177243756351246816351872013

0
3058199065046152920989397524332383629327370509453695720634404898772937437727329443509394396225933255

0
6464377766625551842915107979440391301474197310419798034257954682797668033803820225894787031201539670

1
3167651842148414564501709349296068646849975399017820393080109893652869585040664433177322223031136649

4
6528857808630799214060354842315863615563705018647471437498178855819104035800223375833353017122494

0
4068771283810202442722559094602036032664720457358634334901855399456652484021020310062646344938142806

2
2247841995448866415205036790726002602954509384650165713118457920046172168567601432514161007984728267

0
1446983393289939968532193728396730112216356603768213447989536941962323971547907570583424673843012066

6
839695961547815449639730016322589658472716550708637541752672784907172854471183408640696561511178582

0
1350977952220005301961736519060231101302391522358337028850105081896369051826454300366168838080297526

0
5258920252858979178839421922407325828745635328076365117578853010714490131731640285825135994076497032

0
908537100304243257988288973246553439482306194163020546509283639768469168509172491981490615951624234

3
148075800541572877956691932401046073851685255365989491575367186900317215514946727770939605534654313

0
641365982041366859456062257812361803024158762008719871164717574512914464812218082788616412441292028

9
302872448169286255030654564848423648327364718812815361615251081824798715442281140739823001249656750

1
724394468010205727991887414051372208083234364516663874659084467812144845717596311190103281156017014

1
1270844423603628686429727932848254195762097656531816656339075851430601684679909881583821456748639496

0
1383663423122861440331136620964137925748123911730117493270611120545965021550720646148097000343082326

0
4245640462026607273030403433921872759999980021184041942085706656563525200552521970157358805134839489

8
312628759184294919516208883654596690875732971980654833491686463011429977124601917384524711663435119

7
198481582210509806458061239706184605848456226955752702245279100044440039307265524005102746112376849

1
1370457387392728209536117410039250553865147556626801493499312411576003513891339120710572062536938224

1
1122194498668776486056991796216382073902761845520037010390525992998728823339120129246411807656633832

1
2272469431598270483242447880692295065831350170161575552818493350911576773865721517377911148155962230

1
839408616508436345210846496857469825500787666826228249816780042334766609149548165926806043513036293

0
3326173527291916535456336047885180115458773999892650618590910536628762916164109636027977592057762391

2
2148574654343513674738273339710323393908906925347286743687943371960863513242224339634533976022719614

1
1289864238857063035130117742529762696544908480375905899424050205792397534302974623174607447640079690

0
9285471486917642356576167913446346238647314409754535593454805867323392785808566506476426486931563906

1
221374871004765275439101733471059448494607263610271203181119987137566787228349052889408019605713172

20
187303676733840581764191025049823422157737771843989770633270455419856022358983816926456849707847636

0
1667599726468262131538737221119839371043665181492278145504591054609602441625608109039048550683125126

0
2075841679652053290006497820303524574886403889655078855752544946371999033865533110001256108725756849

0
5785707096901137097402875050753875583122797010292883207345795716769999759891021170413203013496746262

141
33645663035476604471374701878464730225962780125248682969740339986594130049931092174525290434287809

105
49936921937179957864100924456064743747359915487598121991507538915349009806418571912618073687914274

0
3284994341090618414539631519038369347997948442819169367790765347045699471514393234685214872422363728

0
4216067187787519463958197384576085063702505431332269599293158038533982714247270631246378990662607080

0
2735883667302018489608965418129621102268313765262792959408108853870345436339764073646285426914635795

1
2346356393117860117366213801123813077270683077684433405399800572059406504866922053986531757207079862

